1107319
1114777
1102625
1128935
1105011
13205
41714
217852
1152569
126793
671269
32083
13193
350319
18619
5064
22874
1106568
48768
1107171
1106330
112099
41732
95642
11325
166825
5069
192734
1128985
899085
1119505
93555
233106
29492
396412
1129442
1152859
8687
1138619
648369
1123530
39131
12247
82920
595056
656048
141868
1130678
6782
1121254
243274
1136814
411005
191222
1128453
42207
48075
19231
126920
1136422
1131607
684372
1117786
52007
91038
1115291
817774
1154071
1022969
85452
1129629
68463
51831
119712
168332
39165
409725
3235
81350
235670
919885
447250
1120059
20180
270085
175576
102406
103531
552469
400455
950305
1154103
33412
1128201
1105887
264347
30901
1131257
1135368
648232
1107808
226698
12576
96851
126128
103528
321861
1153703
6814
399173
1130676
156977
9559
239829
1152904
84020
103482
289781
1106287
561674
8832
1125393
1106789
27535
69397
71336
1133428
1123068
1111733
3229
17488
1104300
1121569
368657
1131466
12194
595157
1129621
593104
242637
948147
43165
5086
1117653
166420
22869
1131611
1110950
101145
20193
11337
385251
46491
1104435
1128208
118558
2654
1102794
31353
395547
61417
318187
37483
32688
1123239
52515
40
3112
1124844
1129369
1119178
166989
950986
335733
1131359
411092
1136397
1129994
377303
237376
1140543
38480
576725
28254
171954
1128990
1153853
206259
1152075
458439
5075
365294
590022
1026
649739
1140040
20534
40124
57932
162080
93273
308920
73712
182093
1135746
1120643
25772
85299
31097
574009
141324
1131266
25794
70970
573553
1153195
1116044
645046
1119140
10169
1114192
86359
815096
1130586
8079
127033
1132486
466170
28491
188318
911198
654326
1132857
83461
1131557
49811
1127619
1108841
576795
94953
1108597
574462
13654
8617
144408
1121867
255233
101811
1102550
1153922
219239
307336
593813
531348
1114239
5348
310530
593248
108963
1106388
74698
27241
67584
3191
573978
644494
1136446
74920
87417
65650
1131163
1120020
38205
1108834
16476
1120786
51834
1115166
175548
44017
216878
1106671
1112026
334153
124064
27895
1120866
1132864
65212
682508
430711
286500
33013
578337
7022
143323
1130934
1120858
1131421
216877
656231
1133417
593560
1112319
928873
52000
59715
975567
1105394
28290
1131330
589923
1112686
4660
1153860
13024
1103676
214472
46887
1949
27627
147870
1133390
1033
1116835
10186
135464
134316
6771
634938
593068
20178
145176
1122460
1103499
1120049
70281
643239
40583
232860
17798
1121603
1128407
1113035
606479
562123
254923
521252
646289
390889
1154233
634902
634975
1115959
28473
12197
35343
286562
1126044
1125386
78555
64519
3243
1130847
1129096
117315
60169
75695
99025
248395
51866
449841
83746
193347
646900
1102761
62417
198443
52847
267003
1110998
814836
1117618
578306
86258
105856
949217
179702
1126315
13213
662279
108047
14430
278403
1152676
561581
23069
200480
593210
58552
307656
1152958
263486
1139928
94229
1129443
2440
631052
284023
5600
157805
763181
1154230
1131748
1128267
174418
1103737
243483
7272
1114125
73972
1103162
1138091
28456
144701
85352
899119
683355
940
1123689
1102751
112378
1125597
714289
108974
1116268
142268
646440
576362
853116
78994
154982
83826
74921
294126
340078
12199
208345
1131277
1106298
110041
27514
1120713
35778
628815
124296
646836
6209
18832
8875
1246
3192
143801
1132968
55968
1152290
239800
399339
1136631
137873
206524
54129
367312
264556
1063773
259702
137359
121792
1109957
286513
1121063
104840
1121459
6775
1481
1107067
28485
228992
594543
27230
15889
91581
1114512
22229
133563
34263
1135899
65074
1106406
566664
1105530
6215
503871
38000
358866
6344
1125467
353541
13960
649731
409255
131318
633030
1152975
1108169
1152673
1110628
62389
1130243
1131464
310742
506
594900
262178
252725
1131267
43639
642593
594387
168958
20972
1114153
60159
65653
1105344
190697
1131374
4649
261040
238099
24966
53942
1132459
17821
1103960
20584
733167
49720
1153897
97892
270600
350373
10793
46470
1129573
1136634
260979
628459
35
1153877
601567
6939
215912
608190
342802
1112194
46079
1955
85449
28471
2665
28447
315789
400356
145215
34266
289779
1140231
1131335
202520
1153166
136766
1134346
62329
1153899
390896
566488
606647
114308
13966
642621
644361
1118658
1104261
686532
1152421
128
688849
430329
64271
272720
90888
6639
25184
1123867
815073
78511
648121
118435
1119295
1154524
1153811
18582
107569
136767
163235
1125906
1115375
1154520
189721
9708
1122574
566653
175256
1105718
92589
61069
1153866
9515
684986
592830
1131565
1120138
144679
1153150
40886
1133028
1129572
18833
358894
170338
31479
28359
1118120
1107355
50381
1111265
59045
10435
35797
1128982
1105221
85688
1106546
74427
30895
34708
1131639
56167
20601
123556
1105433
6125
467383
292277
1113459
1104031
1130808
6925
5194
73119
175291
158812
561582
628668
38839
91975
123825
248425
4329
16471
1125402
1105622
1121398
193742
75674
188471
683404
1118286
164
1117942
1138968
976284
314459
129045
854434
141171
62333
120817
577227
14529
1120777
1110256
49753
1119751
1104055
8821
1103610
1126350
28640
162075
1135122
1133338
1153724
633081
510715
124734
40135
141596
23116
79809
289780
1117184
27623
141160
593559
578645
7041
779960
154023
1213
1114336
1107674
1136449
1154525
184157
445938
1131172
48766
17476
672071
45188
1131414
1106854
36802
154134
1105672
389715
74749
6220
155736
49482
459216
36167
6898
1123087
562940
521207
423816
45212
50838
189623
1034
31863
1131550
4330
118424
17201
632874
1128256
1134056
948846
34315
28278
1131180
128383
1131230
50336
63549
82098
1152358
1129907
27199
272345
785678
46476
1112075
649944
86923
20924
37888
1155073
118559
33325
1120169
1132809
126867
1059953
1120019
159897
1128868
628667
6910
193354
654339
167656
23546
1136791
213279
1117219
22886
77112
7532
12330
97377
10183
6155
646913
1128437
417017
22241
1111614
446610
20923
189655
1114398
6767
643485
1153183
217139
307015
578365
152731
11326
51909
72406
1128314
671293
134128
395553
310653
151430
1140547
5869
177998
1135108
19697
6170
1153889
582139
137380
601561
62634
112787
15431
110164
561595
57773
22883
1117920
212107
1130780
1114442
28674
1122425
83449
64319
561593
1122304
8961
662416
119686
1136342
1119654
37884
1137466
430574
36140
593209
42848
1105231
211875
13658
27510
561568
1119216
1104787
260121
56112
41417
1132731
22566
646334
1107567
24974
1997
646837
887
662572
3220
1152308
94416
98693
73323
289085
640617
28249
16819
5959
395075
58268
7032
294030
1112369
61312
12210
1119987
192850
63812
431206
1128943
1152821
1154229
503883
70442
177993
253762
31083
504
375605
35854
756061
20942
1107367
51045
1131360
59772
1116569
129897
646286
686061
486840
1128881
178727
643695
80491
181782
1153942
1125469
1131752
27632
278394
51934
644334
1786
346292
390922
578669
202639
1135455
1154123
203646
1112426
1109830
52835
1132073
714208
1128291
1114352
370366
95225
148399
399370
1118347
194645
129042
6786
11093
348437
1106370
626999
105057
593240
136768
112813
195150
1119004
1121313
72056
248431
23545
10798
189571
61073
44368
12350
235678
368605
1108258
1129368
608191
34257
47684
28267
340075
12558
22564
735311
1133010
751408
102939
1131164
285687
950052
10796
131122
531351
130
1119180
103529
1134320
714975
78552
179706
230300
1116181
46536
273152
82090
302545
134315
218410
4637
578649
1154251
103430
9513
63931
137868
1131305
1111788
1237
1130454
647447
3223
1127812
11335
20920
82664
12158
1125258
1129835
100935
440815
628888
6378
3097
245288
1107455
3231
28489
50980
1153280
576691
560936
7276
1130634
287787
463
1132461
561238
577331
210871
1152633
1153577
200630
1131420
49847
1111240
1154042
13212
576257
3095
1116974
47682
1112099
5462
594039
39890
63835
1153786
42209
1153728
734406
1112650
1132815
1119471
604073
7430
631015
155277
79817
1136110
1137140
1120880
23448
191216
446271
87482
424540
212097
1153861
4584
38771
14083
9581
135766
16485
28202
131117
642681
481073
686559
22386
1118083
13885
237489
69296
1124837
16437
67415
289945
12347
1152436
1111230
217984
1109439
31055
84459
1118546
103515
1152910
616336
97390
696342
117316
1130680
502574
299195
64484
649730
1130080
633585
27543
582349
709518
60682
1152272
95586
38845
140005
12198
12946
132806
8591
9586
1107385
46468
787016
1110028
4553
824245
1153943
642920
174425
1133004
3085
469504
1153736
29738
12359
158172
1105116
62607
1114222
943087
509315
1135750
108983
1112929
55403
1123093
5055
17242
47839
1153262
1130600
1154074
1129494
6216
853115
63477
189620
58436
31105
1110531
593060
1385
194223
135130
1112417
175909
415693
197054
8865
559804
1115677
459214
1128227
22876
68224
1121739
1953
80515
28957
285675
362926
1116594
1108329
66564
50807
37541
35863
1131634
213246
118260
941
59798
116084
131042
66982
27243
1119211
23258
613409
733576
1120084
66596
160705
662250
34355
675756
529165
1132505
148341
1111186
1116839
644843
35922
55770
20850
523574
13917
12275
54550
1138755
3237
436796
241133
1117049
58758
1130568
1116146
617378
575077
1136040
20528
52784
80656
294145
133550
1152448
1152663
6224
763009
2658
1127863
1126012
28387
28389
20602
1128198
78557
1113934
1104946
45052
126909
180399
50354
60170
231198
1153056
293974
71736
1112574
646412
280876
1131236
567018
948299
907845
20592
42156
1104258
33301
110162
1120170
1110768
28230
1114838
1115701
644470
522338
1131258
144212
714879
568045
1109185
1108175
650834
139865
8696
1717
58540
84695
240791
140569
84021
675847
1153091
752684
95597
1125992
20593
1117760
263498
1118302
24476
358884
1152564
1109017
1131270
523010
74937
628458
85324
135798
6941
133567
114966
5038
22875
259772
8581
39127
14090
22431
145315
82087
1105148
73327
1128853
288107
13652
416867
35905
1132385
503877
116021
28350
1154173
102061
131315
682815
35852
101143
3218
167670
976334
169279
34979
126868
92065
1104999
1132706
1131471
68115
359067
1131165
1104449
9716
1152277
36620
354004
89547
762980
416455
25805
6385
67245
1110947
647315
1108389
15670
1114864
1126037
59244
190706
1999
642930
595193
650807
643221
346243
714260
18834
12182
68505
191404
48555
1109873
573535
198866
145134
31932
120013
2354
643734
2653
67633
1129518
36145
1105062
1132948
595063
2698
688361
641976
1106172
1102548
217115
14531
1153287
1125944
1130657
51052
40151
711598
1132443
1130856
1103394
249858
1127558
240321
687401
576973
1153065
1050679
1127851
95719
134060
115188
206371
1119708
1136310
1153264
24043
337766
628500
1125993
644577
116512
116545
1131116
325497
644427
1113438
1153064
964248
45605
672064
54131
139738
1105698
578898
284025
630890
348305
197783
1135082
252715
13686
66990
1109891
1103985
219446
236759
40125
1120731
575292
1129027
178718
1131549
594047
33818
328370
1130931
16461
49895
696346
13717
293285
561610
633721
1154459
39474
1118017
1365
642827
1140230
73146
154047
424
262121
28641
134199
49844
16451
1103969
1131345
1106771
910
7432
1116629
1106112
1122704
277263
1956
1152394
573964
323128
1031453
423463
116553
578780
66794
194609
521269
1132922
30817
592993
592986
1110494
169280
129287
22563
1102400
263553
95579
1110546
1128425
562067
159084
400473
192870
110163
289088
111676
1123576
763010
127940
3217
137849
56709
14545
111866
6217
1116922
523394
1133196
45189
1107861
44121
1102873
1113614
593201
38846
675649
711994
1140548
77438
1104851
35070
133553
1114992
1105574
686015
1128839
118079
644093
20821
735303
100961
27250
1120197
133566
1116347
38829
49660
1121537
1126503
153063
6196
83847
335042
1116336
884094
2695
26850
987188
77515
129558
134314
66594
57119
155738
592826
1127913
15892
118259
1107140
1107728
1154169
1131647
1129040
746058
1135589
75972
627024
612306
1128204
408885
1951
180373
645897
1128430
270456
1152143
568857
1112071
120039
46501
1128531
211906
1153275
3232
1104495
1152307
1061127
1130653
8619
1109581
102884
3101
33904
1139195
1118092
46500
250566
170798
593091
167205
1106764
22835
1153101
1131828
148170
1103038
83725
350362
376704
3828
56115
1119623
141342
8872
65057
187260
628751
733534
626530
33231
189574
75969
16474
18532
1131754
97645
711527
1111052
312409
318071
1130929
1120444
212777
23070
10981
1117476
2702
1152162
39124
340299
75691
28412
694759
18811
563613
102879
4804
77826
16008
1152711
387795
1110390
578650
156794
1131150
1107041
63915
1154176
1128536
1106418
1131734
3187
116081
1135125
1107010
1154076
47570
71904
3084
177115
190698
653628
6210
282700
714748
1116842
74821
1102442
1113739
641956
101662
739280
18773
1095507
1105932
18815
1102567
1108363
1114118
19045
54132
207395
96845
235679
7047
1129111
124952
1126029
6343
230884
1107325
11148
134320
6169
636098
13269
1152944
13136
684972
1108050
578845
379288
1129570
193932
782486
753047
67292
255628
1153945
6152
35335
90655
1152379
308003
91852
1114388
13195
29708
1153784
650814
1134022
48550
1131223
119956
444191
575331
18781
105865
1131137
617575
1131348
1130539
315266
593328
1103315
47683
69392
56119
13656
91853
643777
66782
1139009
643003
592975
936
561613
28504
358887
202522
591016
32276
561809
645016
325314
28632
6311
646195
118682
1117089
1108551
6923
1154276
594011
755082
853118
753264
642798
7296
1111304
1117501
116790
754594
114
1104007
1152896
237521
95589
1107418
205192
68495
578347
1152508
1116530
1123991
11339
1114605
54844
644441
1104647
33895
13208
693143
57764
1134348
308529
109323
149669
1127430
39199
1152858
34082
593544
1109208
345340
1129610
1106849
1122580
6741
105899
1123493
232605
14428
592973
1152179
66986
27606
1109392
4878
1118245
101261
11342
397488
1102364
145384
128540
1102407
18812
66556
42847
1118848
1115886
116552
1129015
193352
168410
755217
368431
1128151
1110520
593155
1132406
106590
7419
2696
1130927
119761
593859
95594
41216
643199
195361
23738
645084
23774
593105
1104769
3236
654177
1132416
1118764
12169
35061
94639
44455
95718
1131198
126912
89335
18777
1110438
626531
51180
1152244
646357
1108267
1128977
1131192
1134197
44514
259701
5966
12638
561789
395725
1110515
73162
1154068
25791
1106630
592996
1105033
100197
1131274
12238
160732
608292
46452
48781
1132434
626574
1128975
427606
96335
152219
1105428
1132285
1128997
39210
672070
49843
309476
1131314
36162
6213
45061
628764
767763
1131195
1130637
1109542
101660
118436
284414
189566
1102850
193918
157401
421481
70441
17477
262108
32260
229635
703953
13982
18313
239810
66751
134307
12631
6238
1131728
118873
1120252
14429
593260
1129683
1134031
1153933
89308
152226
1109199
1106401
1102646
60560
1952
949511
187354
93755
1113852
259126
95198
397590
1103031
593921
1153160
249421
1120431
1153169
218682
39126
56708
27631
23507
520471
12195
219976
42221
3240
567005
18785
1104182
385067
1152991
593022
18774
630817
102938
17811
593942
671052
1131167
1133846
1121057
189774
245955
1128959
25181
596075
1123188
1105764
30934
1114502
153598
263069
20526
1114184
1131334
1112723
40922
1115456
210872
1108656
62676
1105505
1108167
1153879
1135345
37998
199571
299197
126926
1103979
1123553
62274
139547
149139
1133469
31336
1104809
6913
1117833
78549
1153946
1125895
4274
10430
95188
20179
16843
228990
72908
158614
103543
45533
1111978
737204
37879
164885
1109566
4983
82666
90470
211432
96847
1103383
221302
1123215
1694
107251
954315
3222
1129367
94713
88356
1105810
136665
521251
155158
1105450
1106492
1116328
1125492
593329
1153900
1135894
1153816
1104749
582511
1131149
1128369
608326
644363
27203
94641
636500
31769
27174
242663
75694
18251
12337
51879
18615
29723
990075
67246
709113
444240
10177
1133047
688824
642894
1153254
341188
14549
5454
35490
28964
1118388
218666
1113828
989397
521183
32872
15987
1115790
28336
643735
66805
1105360
12165
144330
43186
18770
72805
128202
521855
95588
739816
48764
1114364
853155
72101
6163
6818
853150
1127541
1121176
227286
1115670
416964
171225
8874
33303
1120211
1110024
6346
1111899
151708
194617
27531
577086
63832
1152150
131317
648112
69284
820661
6130
1104379
1110426
101263
987197
66563
739707
1106052
293271
1105603
594119
594483
159085
1152714
594649
251756
1152194
74975
38537
14431
134219
17363
1118209
62718
686030
390693
8213
1132083
23502
1125082
58454
1112767
18536
124828
561364
300071
1153097
263279
210309
193931
189577
238401
1113742
180301
645088
594511
1123926
14807
574710
27530
143476
28385
1125092
1272
689439
137956
1128542
20833
1131301
695284
6917
574264
246618
59626
372862
1131719
578309
1108209
4335
15076
1107136
57948
1131741
77108
189856
38722
58453
10174
851968
943
1154232
1107558
133628
6318
24530
1153003
248119
1107312
12211
375825
683294
1153148
1107572
642641
28026
12155
117
1959
1152959
1817
1136393
646809
232606
429805
75693
99030
77829
1103016
158098
182094
1105531
1114526
12960
428610
1119671
513189
632796
1128846
36131
561611
111770
288
459213
1117348
1138970
1131312
1127530
1112911
519353
643597
289885
1132157
99023
1136447
1688
7867
30973
220420
642847
509233
31043
33907
1153891
1134865
128203
1113534
1152490
34961
1131184
1128319
579108
8766
28542
179180
1113541
253971
28649
1106103
180187
28487
6334
1113995
40605
1105877
75318
157761
447224
1106547
116528
1128945
8594
714256
644448
1129018
28851
63486
647413
6784
39130
1153896
32698
1140289
198653
1113551
1113831
330208
120084
647408
52003
87915
197452
385572
6151
41666
1000012
69198
178209
3932
509379
55801
1126011
1136442
1128927
265203
463825
583318
1129208
1115471
31483
66809
81722
390894
429781
628766
137790
132821
1113084
1127566
93318
1035
46431
107177
1154500
545647
1110563
1108728
1152917
27249
12439
648106
1110579
87363
1112106
33823
696345
654519
1123756
1107095
1121659
708945
1129106
256106
1131745
69418
321004
1152740
107252
1138043
75121
594025
621555
258259
184918
1112665
20857
1135955
1107215
267824
89416
684531
133615
135765
738941
7537
892139
173863
14062
45603
93320
949318
1113926
114189
74700
645452
62347
682666
601462
575402
1108570
152227
384428
470511
294239
86840
46547
27612
1126050
31489
503893
6935
17208
1117249
25413
645870
8224
10531
1110209
31927
212930
753070
653441
1919
28265
8699
1116397
1127551
1104191
15984
380341
683360
124224
1114331
689152
273949
129896
263482
227178
853114
459206
1132418
1119078
1132887
2663
39904
13972
152483
1130356
360028
1128978
579008
1129243
162664
696343
50337
6184
575795
31349
510718
15429
395540
1154012
1113182
643069
1120962
330148
57922
636511
1153031
81714
77758
1106236
610529
820662
70444
78508
1118332
98698
753265
235683
1127810
6539
1129778
1131189
1106966
235776
645571
70520
1118823
8703
1129798
1071981
1135137
1154124
27246
582343
1107062
519318
117328
1120650
917493
45599
1114664
1129021
1135115
1133008
126927
25702
1130915
591017
103537
1128946
137130
16470
230879
1116410
1114629
219218
248823
906
1128974
43698
5062
6214
195792
100701
1131300
1130567
116087
1120563
1133930
1138027
1153106
578646
1152761
93923
108962
1152259
75983
300806
634904
161221
28227
1135358
28287
308232
3233
231249
143676
1130069
95435
141347
434
7297
1125953
39403
1128856
19621
48066
205196
40131
1127657
1110000
1153024
632935
189572
633031
51049
173884
241821
189708
1153014
1122642
801170
1119742
1129608
1125909
